 

*lm-

Na 2:11qu (91
[155. 111313, Ἰ111’1Ῑ1“’1511515115 Π, 5551. Wyffisegffld. 55515111 w Te-
115555 Na 5115115 V 51511555 51151 11155515111155, 55111, 1315555, Le-
15115, 1111151551, 05511115,

2111151151. (1]
1115. Milgflst 155115115 2151511515 1115111151 VH 1111151515
11151115, [1115111511. 1555.)

21151115. (2111115, Rak. 17.)

1045. Ε155151555 1. quendam 1151515551 15 21115155, Κ5155
5515155, 51151 511151 55515111515 5115, 1115111511151551511115 1151151551
5555551115 1551551515, 51111115 15115, 11555 posteritati 5555 511111-
55151, 5511111111 11151551155515 555155155 mancipavit.

Znutu 11511115. [Ρ]

11111 1155511551 5511111551 15151 51151151551 [151155 51 Ζ5515
, fluvium 5115111 [in 51115 111115 111511551551 11511155), 511155151111151
55111 hi: A 151115 55555 25515 551155 111151 11155 Diffenhassh
1555155 51 15111111.

21153ὗ151. (35555155, 115111. 131
Ca. 111511. 2551551511] 1151511155 51 Neam 51151 111115, 5115151155
5551. Β5155151.

ffiabnvffflky. [Zahnvfesskffi Β51. 249 551 2551
1135 15 11ᾚ5 8555111555 115555 Ὶ1555511115 51151 15115 555,
15151515115115 11155, Κ151111111.

25511511. (Sandan, Lnk. 425.)
1191. Η5511555 1155 1555. Τ5111. 5511111111 15115111, 11555 551
15151 85511511 51 5111515 Β55111155.

fiat-25. 1115115515 51 111115. [ΕΜ-,55 fiat„ 2⁴2.)
Quinta regin, 5555 15 11151115 551, 11151151 Luka,³ 511115 51
1111511 11155 regin 1151111, quia ,,11155“ 151155 [11511151 [11511111.
,1 1111551551 11555 regio primum lunga 5515115515 35155 51115
51111115 15151, 551 inhabitata 1151515111115, 15515 5155 11155155

