— 135—

XVI 1113111131 311 31] 3113 113111, saofi, 111 3311313 111113 331111 [1311-
1113313111 111-3 Em 11133113,

5113111111. (31131113, Ρ1111111. 352.)

1045. ΒΓ331313113 Ι. 11311131 3331131111. 111 1913113331 111311, 3311-
113111. 1133 11111331 [minine 311 5111311111 3113.

5113333Ψί31. [33333311133 1331·Ι 3431]

33311, Χ. 1131331333 ΙΙ. fundans 111311. 1333131133 1133111111. 81111-
31131111113 3133313133 1111111 11133 111113, 11111113 1131111131 3111111 6111131113
113113 31 1133 rivuli Dubna 311 11313 1111111 1111131113 111-’111313 311 311
3113111 11311113 1131111313 3111311313 3 1113331133 3311113 1133311133 311
1131133 111331, qui [linitur 1113113133.

3333313113. [ΒΜ-31311111, Κ1111 234.)
[13. 11133. 1311331313113 Ι, 3113331113 3333113331 11111331 Ἇ3113313111
[13331113311331 11331111311111111

81133131. [3111111113 z Skyritz‚ ΞΜ.. 27.)
11133. Ἴ1111133 1133111133] 311 1131111311 331111333133, Ι13111 11111, 1313
1133331331 21313 231113, 5111113131 3111. 33113133 311111. (13111111 ΚΙ311111111.
pru EnrizlaU.

Skrffin. (31111113 z Skirsssshiua, Lit. 4111]
[111. 111111. Nema-sy [113 ,333313 1111333313] 1131311133 33111. ’111513-
3331311. 1133113111- 3111113111 3111131313 3113111 113311 1331111113 3113111, 33. V
11111331 (111-3111111, 1113311311, 111-31131111, 1113111313, [1111111.

Skvffin. (5111111112 111113131111113, [Pla. 395.)
1115, 113151. ’11113111313113 1. [13111111 Κ131111111. 3311113111 31113111
1111131· 11133111 311 1131311331, 3113311113 XII 1111113, 111133 antiquita&
fuerant 1111 3333111111331 Quirino, 1111311133,

5113311333. (Skvrfianyzffikurnian, Plz. 31111.)
1233. 1331111313113, 111113 111311. 1413111311, 111 111-33, Ρ113311,

ΙἸΔ31311311.. (1111111313311113 z 1131133133 111 3113111111 1313111311]
11711 111 3311311311 part-fl 3131113333 11311113 1133111133 311. 311
111-133 1131131333 331 1113113, qui 1111111111· Alma-2 ab 1113 1111111113

