-- 11131-

31113 3331113111. - 135311131331313 3331 ΡΓ313131131Π,, 13331113 331.-
13 113113 333111 1913333313 311 episcopo 31 3333111313 1111315133-
311133 3313 11-133333111113 3111311131. [1133111. (1331.)

1273 1133 11133313 13313 3331 31113 1311333333 3331131111 133-
3113113 1111133333 1113133113133131* 3 rivulo ΕΓ33113 331133 111
[11131331. 1133113313111 331 31 3311113331, 1131111 331 1113111113 1113311
333111. Ex 3113 [13113 333111, 1111311· 11131131* 311 1311131331 11331331,
311“333313111 11133313 331 3 1111313 11133113 31 1111311113 pel· 1113313111
0311333333 311 [1311111111 331333331313, [63331. finnt.)

1231* Ρ131113 3333331111 in 13331313 3333111313, 33333113333
1311111133 3311111313 3131311113 13 1111333331 3331111 31133 3331331331
S. Georgii, 13313111 333111 11313113 3331133313 funditus 31131311 31
13 1113333111 rivulum dejflssit.

1231. Impsstuffi 1133131313, qui (1313331331 3133133333 31·- 111Ι4
1313311113 3311111313, In turri quae. din-itur ,,311 3131313111 1131131311,
1313333313 333111 11111113111331111131313, 3333311313331111131331333113
13111331 11, 3111333111 3131111331, 11333 Ἶ1333113131· 3311331133 „tun-iffi
epissssspaliss²‘‚ 3331113313 111 113313 1133111 1111313 111331331133 31
3113131333, 33311111 13 1313331. Τ31111331 3311111313111 111131111311311
11311313 1133113 113 3311111 31 1311133333 11113113 31 1133131313 113Ι
11333111 3313311 13 13131313. 113 31113 mium-ihus 3331113113 13 1311-
111133 31311111333111 331111133113 3113 propugnamus? spessificare
333 1133333133, 3311 3333311331 33311333311313133, 1131113331111113
13111331 infra 33311313 1311333333 31 11111133 3111113133] 1131· 11131
1133131133] 3313331331. (Ue-nt.)

213113333

111112. onaan-imm 1133 13111333 in 33111331, 131131333111131 Brevin,
33113 13Η11331 mittit 31111 1111313111 31 3311113331, 1133 13113113 31111331
Fra-gam (3 1331111113 3333331331] par 3331331 31333313 113331333
113113113133131 1333313111 11331331. Mox 11113113 311333 Ι13333 facit
31 3333311333 33313 111 1331113 111113 31313331131331 133331, qui
11131131 zizi, 13113 1313331 313. 1113313.)

Palatium 1131 3313 31 1113113111 333 331133 ιιι-1331113113.

Fert Duringus 1333313113113, 31131333 prs} 1311 13313 [11333 filioli
13313 111133113131111131 1133333131 1311331313 3333111131 11133313, 31

