 

—IFL— ”

Igissur iuter Huruyuialu 1111113111,11113311311133 311 1111133313

, 31111133 1131113111, 3113113111 Boii* 11311133 31131133 gaus, 13113313.

1113131311111111 fl 3111331111 11311133, 3133311133 1331 1131313111 1113-
1113113111, 1111313313 1111113113 3311311333. Sed ut-ruul 1113111331 111
Ρ31111331331 311 Osis, (1311333311131 natione, 311 (131 311 1113313313
111 [1313131113111 3331131313331131, 311111 33113111 3111133 33131333
1331113113 1113111133 3133131, 1113311313 331, 11313 puri 31113 11131113
33 1111311313 3311313 utrumque 111133 11333 1113131133 313111.

31]. Ultra 1133 0113111 1111111113 331113 uh Hurquiuiu 331111 :iu-
3113331, 11311 113 3113313 33 3313311111133 13313, ut 3313133 3131113133,
111 11333 [1313131113 1131333111 1131311111 siquidem 331133, 1133131131
1313333311, ut Ο1131-1-33 31133 3311133 Η311131111113 11133331111131311331
atqu-u dupuuit.

311. 833333133113313 31 XL. 333331 [Τ1113 nostru agebat„ 3313
primum Cimbrorum 3311113, suut 31313, [13331113 1111313113 311
13331113 [13111333 3333311333. 1113 1133 31 311 3113111111 11311313113113
Traiani 3333313133] 331111131313113, 1133311111 131313 31] [1333111 33111
uufflguutur: 13111 1113 [3131133313 3133111311.

33. 11333 113 5331113 3133311313 331, 11331313 3311 3113, ut
[ssfflttuffllu Τ33311313133133, guu53 maiorum 33113 6313133133
11311331 3111113331, 1113111113 3111133 3311331333 3311113111331133
1113313111, quamquam 13 3331111333 Suebi 33333131,

41. Et 3333 1131113111 11313 8331131331 111 3331311313 9313133133
porrigitur: propiur, 311 qut] 133113 paulu 33113 1111311313, 313 1111113
Danuuium 3311331, Hermundurorum 31311133, fida Βῠ11131113ς
331133 33113 &firmanorum 11311 iu ripa 3313133131331, 3311 11331133
3111133 ju splendidissima Raetiuu 3133133133 33131113. Passim.
3133 3113113113 1133333111ς 31- 33111 33133113 gent-ibus 31313 11111113
3331113333 11331113 331331133133, 1113 (1311133 3111333113 pat-effluimus
1133 33333913333111133.

13 Hermunduris Albis 3111111, 11311133 1331313111 311 11311131
·“·· · ”rm tautum auditur.

1, 13313 Hermunduros ἹῙ11311311 33 11313113 2113133133111 313
,111 agunt* Pruuuipuu Muruutuuuurulu 313113311331133, 3111113
ἡ13111] 331133 1131313 311111 13313 uirtute. 113113133111311311

