—XU-

531] [3111113 6311. Eo 33, 51313111 cogn. ἹῙ1111131111, 111 regno
3133111313 3333333133 1113333133] 31113 3133113331 multitudinem
13131133133331 31 1-311113 3311311333331, 1133 fuit 13111331 333311311
13131* 1133311311331 31 5133133313, rege-n] 33133131113113. Diri-
gfflffiqufl 11331111311113 313113111331 legatarium 311 3311133331, 3313113,
31 negotiantes-‚35 111133 331 111131113331331 31 133 11333 11113113
333111313113111, 31131 Ι13311113 11133131 3313311313.. 33133 3111333
31131131-11113 11111313, 333 311 33 331111’3311“31131·11111131“31; 3113331133
1133133 1111131113 331 311 133131· 3313111331313, 31131 3313 311 3113-
33331331 pervenit. 1113311131 1131113133, 111133 13]1111313 1131131131,
3331131111, 3311 111 1131131 gentilitas 31 3311311113 3131131331, 1111111
3 11313333, 111133 3111 3111111331331, 331 313331131313, 3131 13311113
11133113 11311333 1331113333, ut. 113 1113 3131113131331131111133, 111133
13131· 1133 1133133 31133 1111311331, justitia 1311113131111· 13 13313331.

1113331133 313111 3131133 13331113, 1131113 1111111*11331“11,11333 13-
31111313 11113 1131133131, 31 131333 3111313113 8311111331111311111133, 33
11111111 3311111 31 1131131113 regni 3313 Daguherm [13113131 3333111331.
331311 13311113113113 Ι1331 33113133 1113111 „Et 1311313,1133311131133133,
1111311113111 331, 31333 33131311113, 31 133133 3311133331 1113113ὓ
3331111 3131311133 333331331311. 1113331133 [1133331 „Non 331 [1113-
313113, 31 [1131311331 1131 331111 33111 3311111113 3131311133 3311133313
[111331111ῡὴ 113133 3 3331133111 dixit: „Si 1133 33113 1131 331311 31
3113 33111113 Dei 33333, 11331 1313 33311133 31131113 1113331 331113,-

‚ - 333 113133133313 3333311333 1133 1331311133 1333331311. 1311133133 331

3131131133 113 3333113313 3133131113.

Cum 1133 11333113113 3331133331, 3111131111131· Ι1111131 113 1131-
Ἰ11311311 regno 31131133133331 3113113 3331113313 31 ’1111311133
1111111313 3331311313. 11111 1111133 111 311113 phalangae 33113311113111113
3333311113 13 graditur ς 3113131133 L 3 3 g 11 113 r* 11 1 3111311333 1133333111
1113311133 111131111131Ὶ 13 1131311113 3311311311131.

3313111 1113 31 31113 13313 3 3311133113 3333333311133, 313313-
131331 3333311113 31131 [Ὲ111-3113113113 11333131131·13,11331331133333
331, Ἰ’113111111313 3111113311, „Longo 1131111 111113131133 Ἶ1*1111113133] 1111-
ἶ31131331. Et plurimum 333131313 33111111113331 113 &alm-*is Ala-
Ι,13111 31 Langobardi 3331131 1111333331.

